28413189
31097529
33278151
29110796
30051397
15114392
15035750
32046860
28040832
30094510
32796180
31865970
28233535
33384178
32031667
31776860
24345368
28266942
32362003
34105139
28219596
30444058
18290899
19434333
23595910
29173394
29579880
27431751
10859994
29380444
26190654
22937819
30577262
28855271
25049065
26922590
11139084
15635546
26512128
28366459
10773573
30177116
23442098
30511896
17097993
27032470
16790859
27143679
30790343
28359517
12962859
18089375
31733803
32527398
17889188
12544878
26060031
16470144
15033856
21285017
10963146
24119046
17954076
17627244
17889189
25245660
22305053
19341416
26293079
29664541
26937171
23985407
28906273
17521503
30955956
32433308
17403108
26520248
31718320
15539120
23527878
30697906
23889957
22385820
17097991
31045281
17428287
23978595
24140213
24759949
31810509
15110619
27788817
33236553
26298167
30904254
24135956
24964529
17237656
19755203
20428623
28737196
34689572
27765177
18656794
16599066
30343331
24709268
25399778
12970223
27173071
12751127
18340393
18096472
22093382
20172341
30548687
17889185
32622795
25575787
16143238
27177958
25009213
14607204
24388498
22463464
20005386
11241089
21883920
17237657
28532587
16563978
17184654
20622755
25443871
28224436
28329396
15627315
19285615
30281540
11391041
31104496
33955021
10963148
17097989
22115224
17445559
12189971
18089301
25420821
30401388
12957616
16615220
16470147
15072258
21867839
25372474
19376399
11737772
30577260
14556444
23674362
18929824
25203694
17889187
20494056
25346059
23562468
33692803
11404169
15896612
15176960
19077883
26179628
23474362
18701314
12544884
27660899
12740783
17220801
18557718
25041692
20138635
31378576
15848718
19306633
20137329
21996389
18158503
22172752
11257555
29660764
21907593
17524995
30401387
16863778
29380475
29992635
26584755
32650992
14751918
12692020
17996178
11950436
21183849
15773956
29153738
14961956
17413567
18805284
31192848
15704040
17362779
19940761
15896755
12271104
17496538
25559830
22226494
33136132
20971259
16112999
22015463
17889195
28885379
22708387
25581379
28940999
15561253
28760203
26070597
15378803
12829900
15999061
33951934
14761765
16556155
15116012
30587696
19845580
17532412
25645788
22424428
16704161
33164568
31876972
23505300
17097998
31162160
15498410
29482932
31192839
23674361
20147346
33984331
18356067
18377548
17194424
33675715
21094839
16980027
14627902
16386612
29077655
17387020
17098040
21486633
15637889
33155036
26347119
22589383
30979475
12633690
31446063
17178331
19000493
30312213
30312212
32057502
29590219
18365368
10983679
17237655
14657692
29092871
16401987
18704853
16364881
25626345
24930691
14670274
18093275
27457355
19623007
22580630
20430211
24692148
17258148
11871277
12057694
16387163
17141667
12962856
12698152
11726895
29370400
22814623
25023811
28251816
20862854
30292432
16077425
10808150
11512324
17889194
23558832
12664849
17692667
16386607
26498215
31335373
23265911
31714985
16863779
29635813
15670564
28960504
23489468
19324129
31098641
16278581
17243569
26228604
31515841
17288959
11565645
12963213
11024383
15862430
33745714
19010187
10933363
31577626
30575630
25597790
15561251
12118898
28470781
26527533
16324585
15172275
31353032
30691526
12538985
14509401
17543782
12163085
31280304
15848716
12643383
15194343
15617643
11068059
21632483
31097199
22974926
18705706
19625953
25529999
12459078
27258226
11707241
26452667
18261602
23830030
28495061
24263022
32865507
30604679
18431235
16386618
15539119
17638191
14746217
20963408
34820983
21947290
14605079
16434278
21621422
30401389
18179931
19804989
22890069
15115987
10822792
19059117
28991810
17047214
15110615
15993782
24935114
18069524
25612495
15589460
12973787
17461996
17062246
21401721
14620188
15982624
27978413
27258229
23762190
21514564
17543778
19782294
20630044
27803956
26771395
11709828
25068777
18855348
19931672
19910002
17919626
11512056
29915167
11709827
26656863
21215378
18589151
19332273
17950084
17099972
20837931
21036067
22958758
15251380
22550646
19752370
19285614
11277477
12605762
11983553
11512325
11557196
18475021
21199352
26023034
17053975
15839367
16492267
17488380
12211784
14667625
17059945
12971435
14611987
14710784
17545013
10930820
16143235
11257553
17477431
16704154
21199338
15861258
11099988
23280968
11816144
12201366
11587235
23172770
19226908
11044427
11426757
12354727
15591959
11568951
16492266
12973108
11726828
14992887
18929821
11471655
12962874
15621090
22793070
10919608
15589026
19010180
17097996
10750304
23288174
11329542
16704179
12480604
12077686
10763562
18442716
11156673
18374873
11448803
18703473
24606025
24598951
23104433
22014450
21532848
21295673
20806198
19632573
20524277
17580192
16797344
16704135
16297773
15964389
15737751
15704039
15686713
15053193
15021834
12962863
11426636
10972218
10968814
18339133
31562687
31544351
31120817
30738152
30260389
30121868
29198930
27506544
27379804
25372913
24888197
22471690
22139987
20883546
20570532
20308266
20214744
20009153
19324311
18935709
17435806
16641601
16143240
15670546
11028468
33965332
32417413
32035681
30071995
29880376
29666073
29554787
29341061
29340730
28805187
26928633
26187515
26034093
24611131
26021179
22258288
22112000
21545929
21080866
19155979
18929825
16387156
15848712
15730487
15337016
15053192
12895621
12822631
11426756
10743686
18562394
34752418
33074524
33041079
31607616
31374593
30973190
30600589
29673099
29473271
29392738
29271030
29028693
28457697
27319984
26646701
26381803
24533727
21106504
19740302
19332264
18929810
18926402
17580195
16386611
15862431
15261937
14748277
14585381
12971454
11143823
16160584
14974943
34197496
31810507
31506731
31466496
31227300
31102488
30106231
29885741
26454741
24720925
24365764
24286113
23069898
19481020
18022002
17097990
16182812
15476482
12962861
12118744
12100899
11251273
11094547
32035125
30536743
30528987
30169835
29377465
29105236
28063864
27072859
26972343
26707319
26428474
25673669
25606795
25269206
25035415
24725030
23132331
20003030
19804987
19327627
19289663
19010191
17424734
17098004
17097999
14974948
12581330
12063704
11112004
18359637
32237888
32115823
32067330
31825144
31630456
30904557
30174166
30144324
27496475
26915862
26274617
26188972
24388395
23714284
22554672
22424161
21892650
21883463
21683620
21668629
19752369
19715888
16048602
15561255
15446320
15286252
15041360
12652435
12614283
18637461
32773506
32768287
32387081
32115073
31851352
30817920
30659754
29128014
28777136
28654443
26683512
23714390
23374446
25095490
22861120
22733841
22727199
21959122
21906259
21764604
20974544
20534284
19679252
19249533
19010186
17088463
16433770
16386616
15110616
14550826
11460979
18678212
30953421
30575600
30206023
30157732
29258675
28651783
27490992
25769596
25559826
25042627
24462559
25095502
22305379
21388983
19917409
19249878
19134532
19010182
17424727
16678034
15764611
14550824
12689577
12431490
33862635
32694056
31146812
30986413
30821595
30383907
29992503
29572092
29161284
28218990
27618731
27313116
25432122
23704137
22551930
22169457
21871278
21493083
20736440
20650955
19808369
19457871
17926898
17239124
16524077
16297782
16226866
15653375
15580324
15280687
14628228
12909465
12100504
11169599
11153736
18693029
33632637
33295970
33137824
30820579
28950304
28259595
27931092
24228000
23515729
22305376
22248684
21481606
21419658
21300954
19699867
19049748
17403470
17198259
17126116
16210334
15502719
15113358
15075743
14655747
10733755
18374875
31403741
30076793
29577357
27788818
26616578
25034802
24774110
24452762
24412524
23392789
23345182
22247484
20430206
20208968
20184627
19429638
19201336
17258599
17100716
16143239
15041362
11986611
32535125
31597452
31278764
31269296
31084316
30770630
30040191
29524240
29466490
27686602
25305706
25131105
23277596
22548032
21839247
21788304
20562734
19459811
18929809
17178335
16847155
15701433
15328806
15110613
12754027
12538986
11579309
11477528
11460982
10951823
10703687
30080295
28162932
26779827
25606783
22955557
22300640
21683337
20434179
19782581
19344470
19147043
19010192
18926398
17709643
17353770
17320556
16998516
16757295
16704155
15173738
15167596
14550825
11512323
11295579
34243724
33279391
33277169
33148979
31019175
29664407
29433797
29245181
29187384
27933693
27352207
26874393
25159237
24853064
23258761
20430203
19950084
19782597
19752368
19328957
17519779
17474299
16143252
15548193
12809390
11295583
10967268
10830228
32443158
30745023
30144327
30043916
29664404
28465118
27739127
25735775
25444369
25443019
25169621
24100937
23462263
22845767
22541833
21885550
21871277
20447659
17289396
17125713
16944064
16893757
16842525
15731558
15336988
15056065
14688727
12634416
11997419
11339454
11251270
10987353
10852607
32763267
30265435
30168306
29956385
28176387
24637869
23218024
22308287
19515719
19249536
17954062
17338670
17320566
14988636
12595974
11074219
10952425
18276150
31589491
29957123
29513379
29229262
27709686
27083510
25719180
24756223
24373170
24160781
23648205
23628111
22564574
22493100
22168962
21464049
19857712
19715887
19340357
15701434
15093806
11486285
33485653
32428328
28101990
24183905
23336956
23271796
22906499
22761452
22341427
20649510
20580265
19176261
18954364
17667805
15130304
11409076
10901522
18442713
18267224
29299618
28611123
27102953
26857637
25956965
24773860
24728425
23792536
23747185
21550824
20450850
19917394
19715978
18834460
18022003
17953141
17403471
17156301
17112881
16153915
15867793
12095045
10808154
32238278
31230375
31148258
30853225
30779645
30659652
29754672
29346259
29187090
28922671
28684901
28219597
27863348
26432646
26171948
25773536
25528199
24993619
24867026
24462511
23414794
23187039
22564572
21788591
20977641
20628904
20595859
20430153
20404257
20381816
19857702
19785831
19689975
19406274
18923342
18812737
17236780
16797347
16797343
16143236
16102436
12838853
11166524
11151785
11112002
10773553
18267223
18498818
31772620
31518448
30891780
30502009
29905971
29806728
29723531
29377429
29016986
28237697
29762984
27876281
27836946
27306536
26296959
25987313
25396273
25306221
25190542
24424339
23915920
23879350
23146492
22964734
22548031
22402452
23721017
21959513
21256766
20971146
20888255
20832571
20811321
20576050
18948241
17097489
16730576
16298265
14601325
12757336
12072903
11099989
10967272
18374877
18342751
18408580
32859934
30861200
30482444
30176069
29974979
29877924
29361299
28260473
27329191
27496488
26640904
25778989
25694472
25486862
25048441
24952696
24656958
23561811
23073529
22564579
22062214
21872213
21676628
20627624
20543199
20173683
20041867
19857782
19782289
19686291
18954302
17267535
17062245
16143266
15958362
15848590
15110622
14666043
12354726
10773554
32933324
31384378
31353279
31152491
29905775
29528018
29279339
29246896
28579112
28188427
27316658
26648576
26577615
25904768
25841881
25711771
25501951
25444372
24755331
23017635
23015278
22664020
22564573
22172859
21645110
22755411
20682020
20620523
19666650
19555730
19341417
18805171
16534477
15110623
14761762
14550819
12560786
11151798
10881807
10831789
18267230
18721574
34184543
32666856
32035427
31012162
30251939
29684375
28238350
27932139
27716444
27401703
26454848
25638296
25511333
24096960
23755899
23709657
23503385
23146481
22884603
22795459
22564577
21499226
21424518
21696043
19898211
19041047
18835781
15848589
15357224
11956116
18324978
18267225
33016378
32928549
31331354
31152559
30276870
29979343
29031991
28326855
27496486
26848001
26422565
23617734
23600857
23490247
22815322
20934888
20816124
20068507
21698833
19623017
19481018
19134531
20527069
18929814
17845572
17007155
15848713
15120811
12838852
11709826
11477353
10901524
18765190
33621542
33405353
31203669
30948318
30343093
29428438
27131435
27773449
27380377
27154489
27132810
25451703
24842125
23575761
22959569
22753433
22619284
21269645
20451691
20216166
19715829
19607730
19134530
18971094
17524945
17097995
16102430
15964386
12875416
12838851
11445797
11166613
11082376
11071558
18518912
18347530
31625684
31397964
30669225
30562093
30442225
30387534
30078651
28710785
28110488
25002388
24932812
24251918
24030413
23953552
23443736
23026625
22626758
22551845
22217865
23721015
22207715
21299829
21241863
21145473
21076378
20413602
19917340
19783177
19715979
19376393
18849228
19708454
16132246
15848315
15710287
14703432
12589158
11511945
11248154
11032860
10773556
18336700
30685400
30009801
28605420
28583371
28378408
27210774
25704863
24636155
26281124
23321132
22551931
23721016
21839250
21839245
21620025
21502578
20880157
20657514
19392984
18022004
17846300
17622737
17360057
12601289
18267227
18217910
31136011
30729260
28314071
27803093
27774722
27329985
26950728
26896362
26690691
26686437
26640905
24460475
23953554
23765788
22841254
21839251
21439545
21219570
19737803
19716038
19291586
19101298
16980024
15108764
14602312
12535260
18268192
18261172
18675118
31693247
30547294
29587521
28801124
28568969
26675563
25894188
23921444
23718142
23615433
23195041
23184909
23157928
23026622
21585631
20952209
20177344
19920785
19853478
19713337
19091669
15759546
15262845
15113355
14734128
14611990
12928641
10852620
10775814
33685207
28209304
27498384
26479289
25724907
25706277
25415627
24853579
24759334
23953555
23614963
22143101
21879798
21362707
21094838
20584533
20537356
20430213
20098290
19962044
19779786
19136901
17540201
12515749
34315285
33988350
31895346
31839235
30669235
29607544
28117247
27520780
26982953
25443015
25146228
23978472
23666883
22458996
21426526
21228316
20152252
19698864
17449414
16297790
12427413
32336392
30876708
28655414
27209609
27076374
26452998
26253875
25707587
24056630
23252662
23246055
22564583
22298166
22245878
22191249
21906258
21821435
20973825
19857703
18805144
17727888
11834351
11404170
32216460
30755335
30635235
28457415
26366889
25262630
25140806
24771410
23612502
23223674
22841256
22531494
22433200
21764330
21545999
21444210
20534283
20420652
20398862
19699904
17175368
16446215
12895134
12878959
12645693
11251271
10775813
27556306
26502368
25284138
22564581
22564580
20920643
20875655
20430209
19808335
17919622
17403483
16275883
31434713
28272288
28089194
25742423
25697852
24684872
23446213
22755399
19715894
19715890
19422330
20524284
16252628
18516404
32633819
29527998
27252239
26853917
25182366
24434379
23357138
22939738
22843787
19783174
19808514
19708444
16684938
16227139
34585490
33535932
31604444
31526382
30245754
27443435
25002389
24661451
23734843
22939862
21839482
21391179
19568390
19564203
34045062
30485789
28697718
28341356
28042785
26699389
23886031
22564576
22328624
21953766
21835844
19463388
16153938
15848588
29490994
28498942
25894189
20848073
19332255
15797745
11897438
11598864
30174165
26457604
26422083
26161017
23276817
23146485
22632881
22234489
20412961
19804988
17402351
15987919
32098569
26520008
26139361
22898800
21419659
21413135
21145475
21094843
19461492
18089381
18089377
17889125
16470150
16386610
15940049
12660518
11182223
34144681
30543947
28781013
27248460
22633206
22548030
22500594
23721010
21309962
20005392
19878094
17283490
15371689
12890042
32798029
32559317
28540841
26952240
23924935
22381397
22172858
20090571
20061164
17353776
12944570
32413012
29243390
28162931
26340387
22429670
17889186
26212660
29338859
16730565
25894190
22871199
20855221
14761768
11279421
27101500
22570362
20398863
19919984
16230499
32028343
27625403
26722127
20971745
19100404
17545008
11568052
10851414
30614612
22899768
20947044
20197346
16160582
15234321
29760372
20627628
15797739
11078255
29098378
26897843
23953551
21199210
20451930
19716045
10867332
26747860
23146455
22172862
16730575
15511459
12658200
11557190
31140350
30674318
30376551
27000055
19416771
19405161
19300190
15546572
11331254
11040193
32790163
33729722
15620914
21094840
20813856
24815133
24183335
22828827
22588539
21380717
15090952
23406689
23423270
19667938
23269448
23250993
19416767
22564575
12816999
29166338
23593209